rows=795
cols=1302
(0, 2324, -222)
(0, 1580, -752)
(0, 1799, -1011)
(0, 1565, -943)
(0, 2277, -904)
(0, 3303, -582)
(0, 2117, -275)
(0, 1135, 622)
(0, 4386, 1)
(0, 663, -645)
(0, 2208, -932)
(0, 2101, -481)
(0, 115, -273)
(0, 844, 305)
(0, 536, 721)
(0, 4602, -888)
(0, 2339, 29)
(0, 657, -644)
(0, 551, -948)
(0, 2683, 102)
(0, 715, -853)
(0, 1214, 34)
(0, 1499, -690)
(0, 338, 222)
(0, 4716, -538)
(0, 2322, 26)
(0, 1567, 780)
(0, 1919, -763)
(0, 3358, 398)
(0, 2348, 771)
(0, 2191, -413)
(0, 4580, -46)
(0, 4142, -847)
(0, 176, -553)
(1, 335, -584)
(1, 988, -989)
(1, 3984, 105)
(1, 1847, -293)
(1, 3789, 5)
(1, 31, -1018)
(1, 1470, 246)
(1, 2045, -1022)
(1, 3504, -656)
(1, 841, -193)
(1, 108, 544)
(1, 2144, -647)
(1, 697, -446)
(1, 2045, 70)
(1, 665, -85)
(1, 2339, -809)
(1, 794, 597)
(1, 810, -949)
(1, 2915, -531)
(1, 1802, 128)
(1, 1181, 234)
(1, 3222, -926)
(1, 2464, 760)
(1, 2241, -556)
(1, 1793, -781)
(1, 1181, -601)
(1, 919, -59)
(1, 1622, -457)
(1, 453, 962)
(1, 1626, 423)
(1, 723, -100)
(1, 2118, -787)
(1, 4040, -885)
(2, 2712, -873)
(2, 846, 971)
(2, 369, -824)
(2, 3373, -54)
(2, 1585, 774)
(2, 4521, -557)
(2, 450, -937)
(2, 2287, -926)
(2, 1343, -918)
(2, 1078, -742)
(2, 4437, -691)
(2, 765, 544)
(2, 956, -934)
(2, 1935, -546)
(2, 734, -956)
(2, 499, -862)
(2, 1725, -373)
(2, 1999, -1023)
(2, 2332, -811)
(2, 473, 480)
(2, 1564, -535)
(2, 1482, 196)
(2, 325, -738)
(2, 611, -810)
(2, 1234, -739)
(2, 2404, -675)
(2, 1373, -592)
(2, 2451, -74)
(2, 1530, -968)
(2, 1914, 768)
(2, 1974, -544)
(2, 515, -607)
(2, 1460, 391)
(2, 1378, -582)
(2, 3465, -938)
(2, 757, -884)
(2, 1661, 581)
(2, 549, -797)
(2, 1591, -765)
(2, 605, 308)
(2, 1880, 970)
(2, 3072, -767)
(2, 950, -531)
(2, 1383, -928)
(2, 2161, -955)
(2, 4284, -722)
(2, 2105, -855)
(2, 3825, -962)
(2, 2224, -912)
(2, 701, -135)
(2, 2233, -606)
(2, 3353, -607)
(2, 3463, 323)
(2, 658, 943)
(2, 2673, -809)
(2, 3166, 952)
(2, 1503, 478)
(2, 1025, -585)
(2, 1899, 296)
(2, 1737, 743)
(2, 1938, 491)
(2, 78, 266)
(3, 1825, -984)
(3, 4720, -944)
(3, 90, -923)
(3, 1961, -596)
(3, 363, 1020)
(3, 1825, -418)
(3, 825, -879)
(3, 1634, -810)
(3, 1501, -990)
(3, 401, -832)
(3, 1340, -713)
(3, 2083, 704)
(3, 4064, -671)
(3, 2178, 1008)
(3, 4513, 693)
(3, 1727, 579)
(3, 2085, -811)
(3, 1109, 28)
(3, 292, 673)
(3, 1677, -924)
(3, 4484, -613)
(3, 1805, 930)
(3, 2275, 340)
(3, 1091, -898)
(3, 1618, -672)
(3, 1805, -672)
(3, 675, -576)
(3, 987, -634)
(3, 2199, -929)
(3, 5, -941)
(3, 4285, -990)
(3, 540, -981)
(3, 2086, 575)
(3, 1289, -530)
(3, 4297, -675)
(3, 1275, -833)
(3, 1718, -423)
(3, 4582, -971)
(3, 793, -923)
(3, 4602, -1002)
(3, 2040, -218)
(3, 2228, 137)
(3, 2226, -957)
(3, 827, -837)
(3, 1829, -386)
(3, 1824, 893)
(3, 2731, 79)
(3, 1837, -257)
(3, 1632, 369)
(3, 3947, -839)
(3, 1671, -815)
(3, 123, -776)
(3, 1068, -569)
(3, 4230, 345)
(3, 2075, -971)
(3, 1362, -596)
(3, 3099, -998)
(3, 2115, -699)
(3, 606, -537)
(3, 1702, 260)
(3, 1346, -546)
(3, 57, -518)
(3, 489, 150)
(3, 4589, -812)
(3, 1457, -1001)
(3, 627, -715)
(3, 387, 697)
(3, 285, 650)
(3, 2036, -322)
(3, 2173, 648)
(3, 4295, -1002)
(3, 1323, -980)
(3, 2847, -580)
(4, 2347, -41)
(4, 579, -260)
(4, 2621, -208)
(4, 2136, -813)
(4, 2384, -457)
(4, 2104, 170)
(4, 752, -690)
(4, 159, -782)
(4, 699, -308)
(4, 616, -629)
(4, 778, -976)
(4, 4131, -516)
(4, 25, -645)
(4, 4475, -684)
(4, 467, -793)
(4, 3836, -841)
(4, 1137, -942)
(4, 4110, -642)
(4, 1151, 792)
(4, 3328, 542)
(4, 1966, -21)
(4, 1286, -983)
(4, 14, -840)
(4, 4682, -665)
(4, 22, 990)
(4, 1132, 529)
(4, 1324, 602)
(4, 495, -575)
(4, 1229, -813)
(4, 403, -715)
(4, 2034, -724)
(4, 2099, -673)
(4, 296, 709)
(4, 1468, -597)
(4, 2083, -699)
(4, 4156, -772)
(4, 4105, -391)
(4, 2529, 129)
(4, 212, -573)
(4, 4375, 868)
(4, 3244, -183)
(4, 785, -245)
(4, 2282, -979)
(4, 8, 847)
(4, 964, -622)
(4, 651, -879)
(4, 3345, 1013)
(4, 3978, 398)
(4, 1233, -723)
(4, 1937, -863)
(4, 89, -911)
(4, 689, -955)
(4, 4228, 863)
(4, 58, -982)
(4, 1924, -895)
(4, 3087, -861)
(4, 96, 378)
(4, 825, 34)
(4, 3749, -874)
(4, 3890, -954)
(4, 1000, 527)
(4, 4196, 268)
(4, 709, -604)
(4, 3357, 712)
(4, 306, 730)
(4, 2980, 73)
(4, 1174, -826)
(4, 857, -870)
(4, 1420, 491)
(4, 4283, -981)
(4, 818, -762)
(4, 2054, 155)
(4, 1177, -579)
(4, 648, -445)
(5, 3623, 92)
(5, 4576, -919)
(5, 3356, 126)
(5, 1886, -674)
(5, 546, 841)
(5, 4747, -723)
(5, 343, 428)
(5, 4343, -498)
(5, 4706, -912)
(5, 325, 489)
(5, 1885, -179)
(5, 25, -555)
(5, 128, -453)
(5, 1348, -887)
(5, 4272, 500)
(5, 1438, -776)
(5, 3870, -659)
(5, 2191, -791)
(5, 1701, -772)
(5, 276, -801)
(5, 1331, -352)
(5, 2010, -674)
(5, 1941, -870)
(5, 329, -912)
(5, 3689, -954)
(5, 244, -982)
(6, 193, -173)
(6, 2128, -794)
(6, 613, -336)
(6, 2328, -303)
(6, 2178, -922)
(6, 1862, -582)
(6, 261, -406)
(6, 672, -933)
(6, 1361, 513)
(6, 1872, -950)
(6, 969, -535)
(6, 3751, -512)
(6, 903, 651)
(6, 2494, -756)
(6, 1459, -113)
(6, 329, 792)
(6, 3980, 567)
(6, 1885, -661)
(6, 3476, -989)
(6, 288, -514)
(6, 1285, -751)
(6, 1446, 900)
(6, 2834, -248)
(6, 886, -651)
(6, 3634, -109)
(6, 1366, -970)
(6, 515, -821)
(6, 1414, -803)
(6, 1962, -710)
(6, 2529, -775)
(6, 736, -856)
(6, 2191, -976)
(6, 2096, -749)
(6, 4264, -543)
(6, 4274, 707)
(6, 3212, -742)
(6, 1500, -767)
(6, 3540, -914)
(6, 2122, -527)
(6, 1688, -707)
(6, 2147, -584)
(6, 1506, 976)
(6, 304, -989)
(6, 1751, -694)
(6, 4126, -518)
(6, 621, 550)
(6, 2223, -564)
(6, 960, -995)
(6, 1583, -744)
(6, 1898, -777)
(6, 2072, -763)
(6, 1704, -893)
(6, 781, -617)
(6, 463, -1022)
(6, 855, -695)
(6, 2053, -520)
(6, 2263, -1001)
(6, 876, 754)
(6, 1679, 367)
(6, 2156, 148)
(6, 4236, -786)
(6, 1306, -874)
(6, 571, -752)
(6, 628, 282)
(6, 2315, -949)
(6, 955, 18)
(6, 1837, -1001)
(6, 3266, 553)
(6, 2762, 574)
(6, 3667, -906)
(6, 1771, -625)
(6, 2, -78)
(6, 1231, -354)
(6, 3648, -526)
(6, 168, -84)
(6, 3142, 878)
(6, 1606, -656)
(6, 351, 204)
(6, 81, -1022)
(6, 4003, -817)
(6, 2394, -415)
(6, 1000, -679)
(6, 13, -672)
(6, 4285, 657)
(6, 1962, -857)
(6, 2763, 20)
(6, 2278, 384)
(6, 1624, -637)
(6, 178, 630)
(6, 163, -647)
(6, 2341, -1010)
(6, 2870, -543)
(6, 1859, -948)
(7, 2306, -956)
(7, 3966, 825)
(7, 616, -37)
(7, 376, -476)
(7, 673, -791)
(7, 1647, -975)
(7, 1323, 546)
(7, 156, -727)
(7, 1265, -571)
(7, 392, 174)
(7, 188, -796)
(7, 169, -318)
(7, 2239, -903)
(7, 1132, 1006)
(7, 1375, -605)
(7, 4107, 651)
(7, 2341, -666)
(7, 2769, -569)
(7, 1715, 159)
(7, 472, -718)
(7, 1070, -964)
(7, 1310, -643)
(7, 1364, -992)
(7, 2769, -4)
(7, 2017, -50)
(7, 3883, -801)
(7, 3007, -627)
(7, 3262, -765)
(7, 2211, -850)
(7, 1932, -616)
(7, 4626, -628)
(7, 896, 404)
(7, 4670, -790)
(7, 844, 731)
(7, 742, -772)
(7, 2541, -612)
(7, 2028, -999)
(7, 3082, -653)
(7, 3130, -682)
(7, 664, -924)
(7, 1638, -625)
(7, 2615, -558)
(7, 1930, -656)
(7, 887, -962)
(7, 4262, -999)
(7, 4307, -879)
(7, 2356, -524)
(7, 694, -959)
(7, 2715, -1023)
(7, 4540, -947)
(7, 4242, -571)
(7, 1620, -355)
(7, 1484, -893)
(7, 935, 71)
(7, 554, -117)
(7, 1839, 277)
(7, 1437, -746)
(7, 521, -540)
(7, 532, -525)
(7, 45, -899)
(7, 1612, -917)
(7, 126, -28)
(7, 3868, -554)
(7, 3786, -950)
(7, 4, -632)
(7, 475, -948)
(7, 35, -830)
(7, 3952, -969)
(7, 879, -727)
(7, 1486, -554)
(7, 1515, -621)
(7, 1687, -266)
(7, 1246, -614)
(7, 3957, -679)
(7, 2134, 640)
(7, 3633, -930)
(7, 3826, -901)
(7, 1392, -697)
(7, 660, 460)
(7, 3610, 878)
(7, 3821, -533)
(7, 3422, 384)
(7, 3718, 261)
(7, 2523, -808)
(7, 1243, -425)
(7, 1054, 655)
(7, 4154, 118)
(7, 3840, 837)
(7, 511, -1010)
(7, 155, -713)
(7, 783, -526)
(7, 1126, -516)
(7, 2617, -1017)
(7, 197, -59)
(7, 1018, -799)
(7, 586, 72)
(7, 1676, -823)
(8, 3930, 43)
(8, 659, 67)
(8, 2121, -966)
(8, 4001, -605)
(8, 913, -990)
(8, 2600, -796)
(8, 858, -817)
(8, 3754, -735)
(8, 711, -629)
(8, 7, -649)
(8, 1855, -618)
(8, 3700, -735)
(8, 958, -908)
(8, 1651, -496)
(8, 1905, -333)
(8, 652, -562)
(8, 1907, 624)
(8, 2254, -516)
(8, 164, -581)
(8, 3228, -699)
(8, 2364, 979)
(8, 242, -512)
(8, 1297, -813)
(8, 592, -766)
(8, 764, -905)
(8, 819, -919)
(8, 783, -930)
(8, 2155, 264)
(8, 3694, -661)
(8, 3032, 499)
(8, 3177, -754)
(8, 612, -939)
(8, 4672, -714)
(8, 1071, -722)
(8, 1432, -882)
(8, 1949, -387)
(8, 151, 588)
(8, 1059, -634)
(8, 69, -476)
(8, 1159, -981)
(8, 4269, 42)
(8, 135, 953)
(8, 4441, -936)
(8, 3281, -43)
(8, 486, -795)
(8, 2332, -849)
(8, 401, -532)
(8, 1510, -587)
(8, 1550, 164)
(8, 2569, -634)
(8, 3866, 253)
(8, 860, 571)
(8, 2065, 685)
(8, 4757, 152)
(8, 2108, -932)
(8, 535, -994)
(8, 3649, -764)
(8, 3253, -1019)
(9, 4054, -580)
(9, 492, 904)
(9, 1894, -726)
(9, 1882, -608)
(9, 3062, 485)
(9, 1136, -773)
(9, 1374, -691)
(9, 4061, 430)
(9, 462, -931)
(9, 1665, -995)
(9, 2170, -555)
(9, 1012, 94)
(9, 1045, -762)
(9, 809, -961)
(9, 2167, -565)
(9, 926, 347)
(9, 766, -587)
(9, 3855, -486)
(9, 2303, -692)
(9, 2261, -41)
(9, 4207, -791)
(9, 668, 193)
(9, 1601, -504)
(9, 923, -826)
(9, 3703, -769)
(9, 494, 999)
(9, 192, -30)
(9, 2245, -709)
(9, 151, -516)
(9, 1226, -868)
(9, 1565, -861)
(9, 1926, -380)
(9, 3315, -110)
(9, 1826, 238)
(9, 3455, -146)
(9, 158, -864)
(9, 140, -589)
(9, 1672, -829)
(9, 1964, 845)
(9, 4480, -619)
(9, 3653, -683)
(9, 3073, -677)
(9, 4263, -242)
(9, 930, -572)
(9, 4744, -600)
(9, 1213, -681)
(9, 3998, -689)
(10, 633, 437)